length_foot: 0.1903
length_leg: 0.492
length_thigh: 0.4732
length_torso: 0.4275
volume_foot: 0.00198250094592
volume_leg: 0.0027511840992000005
volume_thigh: 0.003567521048000001
volume_torso: 0.0033693119234999994
weight_foot: 0.0576
weight_leg: 0.0422
weight_thigh: 0.049
weight_torso: 0.0501
x_foot: 0.1903
z_foot: 0.1
z_leg_top: 0.592
z_thigh_top: 1.0652
z_torso_top: 1.4927
