length_foot: 0.2001
length_leg: 0.5408
length_thigh: 0.4575
length_torso: 0.3981
volume_foot: 0.002041392186
volume_leg: 0.0028406187347199993
volume_thigh: 0.003959490937500001
volume_torso: 0.0028561276845600002
weight_foot: 0.057
weight_leg: 0.0409
weight_thigh: 0.0525
weight_torso: 0.0478
x_foot: 0.2001
z_foot: 0.1
z_leg_top: 0.6407
z_thigh_top: 1.0983
z_torso_top: 1.4964
