length_foot: 0.216
length_leg: 0.531
length_thigh: 0.4934
length_torso: 0.4327
volume_foot: 0.0026240020416
volume_leg: 0.0030972674574
volume_thigh: 0.00422152921584
volume_torso: 0.00314345100758
weight_foot: 0.0622
weight_leg: 0.0431
weight_thigh: 0.0522
weight_torso: 0.0481
x_foot: 0.216
z_foot: 0.1
z_leg_top: 0.631
z_thigh_top: 1.1244
z_torso_top: 1.5571
