length_foot: 0.1897
length_leg: 0.5367
length_thigh: 0.4494
length_torso: 0.36
volume_foot: 0.00220193318912
volume_leg: 0.0023698659375
volume_thigh: 0.004069221098039999
volume_torso: 0.0026261904960000002
weight_foot: 0.0608
weight_leg: 0.0375
weight_thigh: 0.0537
weight_torso: 0.0482
x_foot: 0.1897
z_foot: 0.1
z_leg_top: 0.6366
z_thigh_top: 1.0861
z_torso_top: 1.4461
