length_foot: 0.1979
length_leg: 0.5303
length_thigh: 0.492
length_torso: 0.379
volume_foot: 0.0026335248420600002
volume_leg: 0.0026642272
volume_thigh: 0.0035891270112
volume_torso: 0.0024963174584000003
weight_foot: 0.0651
weight_leg: 0.04
weight_thigh: 0.0482
weight_torso: 0.0458
x_foot: 0.1979
z_foot: 0.1
z_leg_top: 0.6303
z_thigh_top: 1.1223
z_torso_top: 1.5013
