length_foot: 0.2018
length_leg: 0.5206
length_thigh: 0.4546
length_torso: 0.3687
volume_foot: 0.0023733055468799997
volume_leg: 0.00312173968796
volume_thigh: 0.00362593615104
volume_torso: 0.0032643132499800003
weight_foot: 0.0612
weight_leg: 0.0437
weight_thigh: 0.0504
weight_torso: 0.0531
x_foot: 0.2018
z_foot: 0.1
z_leg_top: 0.6205
z_thigh_top: 1.0752
z_torso_top: 1.4439
