length_foot: 0.1953
length_leg: 0.5096
length_thigh: 0.445
length_torso: 0.407
volume_foot: 0.0019368880624800002
volume_leg: 0.0022502025000000004
volume_thigh: 0.003205979093
volume_torso: 0.0032850348102
weight_foot: 0.0562
weight_leg: 0.0375
weight_thigh: 0.0479
weight_torso: 0.0507
x_foot: 0.1953
z_foot: 0.1
z_leg_top: 0.6096
z_thigh_top: 1.0546
z_torso_top: 1.4616
